0	0	
0.002	6.28342	
0.004	6.28958	
0.006	6.29589	
0.008	6.30221	
0.01	6.30855	
0.012	6.31491	
0.014	6.32129	
0.016	6.32769	
0.018	6.3341	
0.02	6.34053	
0.022	6.34697	
0.024	6.35344	
0.026	6.35991	
0.028	6.36641	
0.03	6.37293	
0.032	6.37946	
0.034	6.386	
0.036	6.39257	
0.038	6.39914	
0.04	6.40574	
0.042	6.41236	
0.044	6.41899	
0.046	6.42564	
0.048	6.43231	
0.05	6.43899	
0.052	6.44569	
0.054	6.45241	
0.056	6.45915	
0.058	6.4659	
0.06	6.47268	
0.062	6.47947	
0.064	6.48627	
0.066	6.4931	
0.068	6.49995	
0.07	6.50681	
0.072	6.51369	
0.074	6.52059	
0.076	6.5275	
0.078	6.53444	
0.08	6.54139	
0.082	6.54837	
0.084	6.55536	
0.086	6.56237	
0.088	6.5694	
0.09	6.57645	
0.092	6.58352	
0.094	6.59061	
0.096	6.59771	
0.098	6.60484	
0.1	6.61199	
0.102	6.61915	
0.104	6.62634	
0.106	6.63354	
0.108	6.64077	
0.11	6.64801	
0.112	6.65528	
0.114	6.66256	
0.116	6.66987	
0.118	6.67719	
0.12	6.68454	
0.122	6.6919	
0.124	6.69929	
0.126	6.7067	
0.128	6.71413	
0.13	6.72157	
0.132	6.72905	
0.134	6.73654	
0.136	6.74405	
0.138	6.75158	
0.14	6.75914	
0.142	6.76671	
0.144	6.77431	
0.146	6.78193	
0.148	6.78958	
0.15	6.79724	
0.152	6.80493	
0.154	6.81263	
0.156	6.82036	
0.158	6.82812	
0.16	6.83589	
0.162	6.84369	
0.164	6.85151	
0.166	6.85935	
0.168	6.86722	
0.17	6.87511	
0.172	6.88302	
0.174	6.89096	
0.176	6.89892	
0.178	6.9069	
0.18	6.91491	
0.182	6.92293	
0.184	6.93099	
0.186	6.93907	
0.188	6.94717	
0.19	6.95529	
0.192	6.96344	
0.194	6.97162	
0.196	6.97982	
0.198	6.98804	
0.2	6.99629	
0.202	7.00457	
0.204	7.01287	
0.206	7.02119	
0.208	7.02954	
0.21	7.03792	
0.212	7.04632	
0.214	7.05475	
0.216	7.0632	
0.218	7.07168	
0.22	7.08018	
0.222	7.08871	
0.224	7.09727	
0.226	7.10586	
0.228	7.11447	
0.23	7.1231	
0.232	7.13177	
0.234	7.14046	
0.236	7.14918	
0.238	7.15793	
0.24	7.1667	
0.242	7.17551	
0.244	7.18434	
0.246	7.19319	
0.248	7.20208	
0.25	7.211	
0.252	7.21994	
0.254	7.22891	
0.256	7.23791	
0.258	7.24694	
0.26	7.256	
0.262	7.26509	
0.264	7.27421	
0.266	7.28336	
0.268	7.29254	
0.27	7.30174	
0.272	7.31098	
0.274	7.32025	
0.276	7.32955	
0.278	7.33888	
0.28	7.34824	
0.282	7.35763	
0.284	7.36705	
0.286	7.37651	
0.288	7.38599	
0.29	7.39551	
0.292	7.40506	
0.294	7.41464	
0.296	7.42425	
0.298	7.4339	
0.3	7.44358	
0.302	7.45329	
0.304	7.46303	
0.306	7.47281	
0.308	7.48262	
0.31	7.49247	
0.312	7.50235	
0.314	7.51226	
0.316	7.52221	
0.318	7.53219	
0.32	7.54221	
0.322	7.55226	
0.324	7.56235	
0.326	7.57247	
0.328	7.58262	
0.33	7.59282	
0.332	7.60305	
0.334	7.61331	
0.336	7.62361	
0.338	7.63395	
0.34	7.64433	
0.342	7.65474	
0.344	7.66519	
0.346	7.67568	
0.348	7.6862	
0.35	7.69676	
0.352	7.70737	
0.354	7.718	
0.356	7.72868	
0.358	7.7394	
0.36	7.75016	
0.362	7.76095	
0.364	7.77179	
0.366	7.78267	
0.368	7.79358	
0.37	7.80454	
0.372	7.81554	
0.374	7.82658	
0.376	7.83765	
0.378	7.84878	
0.38	7.85994	
0.382	7.87115	
0.384	7.88239	
0.386	7.89368	
0.388	7.90502	
0.39	7.91639	
0.392	7.92781	
0.394	7.93928	
0.396	7.95078	
0.398	7.96233	
0.4	7.97393	
0.402	7.98558	
0.404	7.99726	
0.406	8.009	
0.408	8.02078	
0.41	8.0326	
0.412	8.04447	
0.414	8.05639	
0.416	8.06836	
0.418	8.08037	
0.42	8.09244	
0.422	8.10455	
0.424	8.1167	
0.426	8.12891	
0.428	8.14117	
0.43	8.15347	
0.432	8.16583	
0.434	8.17824	
0.436	8.19069	
0.438	8.2032	
0.44	8.21576	
0.442	8.22837	
0.444	8.24104	
0.446	8.25375	
0.448	8.26652	
0.45	8.27935	
0.452	8.29222	
0.454	8.30515	
0.456	8.31814	
0.458	8.33118	
0.46	8.34427	
0.462	8.35742	
0.464	8.37063	
0.466	8.38389	
0.468	8.39721	
0.47	8.41059	
0.472	8.42402	
0.474	8.43752	
0.476	8.45107	
0.478	8.46469	
0.48	8.47836	
0.482	8.49209	
0.484	8.50588	
0.486	8.51973	
0.488	8.53365	
0.49	8.54763	
0.492	8.56167	
0.494	8.57577	
0.496	8.58994	
0.498	8.60417	
0.5	8.61846	
0.502	8.63282	
0.504	8.64725	
0.506	8.66174	
0.508	8.6763	
0.51	8.69093	
0.512	8.70562	
0.514	8.72038	
0.516	8.73521	
0.518	8.75011	
0.52	8.76508	
0.522	8.78012	
0.524	8.79524	
0.526	8.81042	
0.528	8.82568	
0.53	8.84101	
0.532	8.85641	
0.534	8.87189	
0.536	8.88744	
0.538	8.90307	
0.54	8.91878	
0.542	8.93456	
0.544	8.95042	
0.546	8.96636	
0.548	8.98238	
0.55	8.99847	
0.552	9.01465	
0.554	9.03091	
0.556	9.04725	
0.558	9.06368	
0.56	9.08018	
0.562	9.09677	
0.564	9.11345	
0.566	9.13021	
0.568	9.14706	
0.57	9.16399	
0.572	9.18102	
0.574	9.19813	
0.576	9.21533	
0.578	9.23263	
0.58	9.25001	
0.582	9.26749	
0.584	9.28506	
0.586	9.30272	
0.588	9.32048	
0.59	9.33834	
0.592	9.35629	
0.594	9.37434	
0.596	9.39249	
0.598	9.41074	
0.6	9.42909	
0.602	9.44754	
0.604	9.4661	
0.606	9.48475	
0.608	9.50352	
0.61	9.52239	
0.612	9.54137	
0.614	9.56045	
0.616	9.57965	
0.618	9.59896	
0.62	9.61837	
0.622	9.6379	
0.624	9.65755	
0.626	9.67731	
0.628	9.69719	
0.63	9.71718	
0.632	9.73729	
0.634	9.75753	
0.636	9.77788	
0.638	9.79836	
0.64	9.81896	
0.642	9.83969	
0.644	9.86054	
0.646	9.88153	
0.648	9.90265	
0.65	9.92389	
0.652	9.94527	
0.654	9.96678	
0.656	9.98843	
0.658	10.0102	
0.66	10.0322	
0.662	10.0542	
0.664	10.0764	
0.666	10.0988	
0.668	10.1213	
0.67	10.1439	
0.672	10.1667	
0.674	10.1897	
0.676	10.2128	
0.678	10.236	
0.68	10.2595	
0.682	10.283	
0.684	10.3068	
0.686	10.3307	
0.688	10.3547	
0.69	10.379	
0.692	10.4034	
0.694	10.4279	
0.696	10.4527	
0.698	10.4776	
0.7	10.5027	
0.702	10.528	
0.704	10.5535	
0.706	10.5791	
0.708	10.605	
0.71	10.631	
0.712	10.6572	
0.714	10.6836	
0.716	10.7103	
0.718	10.7371	
0.72	10.7641	
0.722	10.7913	
0.724	10.8188	
0.726	10.8464	
0.728	10.8743	
0.73	10.9024	
0.732	10.9307	
0.734	10.9593	
0.736	10.988	
0.738	11.017	
0.74	11.0463	
0.742	11.0758	
0.744	11.1055	
0.746	11.1355	
0.748	11.1657	
0.75	11.1962	
0.752	11.227	
0.754	11.258	
0.756	11.2892	
0.758	11.3208	
0.76	11.3526	
0.762	11.3847	
0.764	11.4171	
0.766	11.4498	
0.768	11.4828	
0.77	11.5161	
0.772	11.5497	
0.774	11.5836	
0.776	11.6178	
0.778	11.6524	
0.78	11.6873	
0.782	11.7225	
0.784	11.758	
0.786	11.7939	
0.788	11.8302	
0.79	11.8668	
0.792	11.9038	
0.794	11.9412	
0.796	11.9789	
0.798	12.017	
0.8	12.0556	
0.802	12.0945	
0.804	12.1339	
0.806	12.1736	
0.808	12.2138	
0.81	12.2545	
0.812	12.2956	
0.814	12.3371	
0.816	12.3791	
0.818	12.4216	
0.82	12.4646	
0.822	12.5081	
0.824	12.5521	
0.826	12.5966	
0.828	12.6417	
0.83	12.6873	
0.832	12.7334	
0.834	12.7802	
0.836	12.8275	
0.838	12.8754	
0.84	12.924	
0.842	12.9731	
0.844	13.0229	
0.846	13.0734	
0.848	13.1246	
0.85	13.1765	
0.852	13.229	
0.854	13.2824	
0.856	13.3364	
0.858	13.3913	
0.86	13.447	
0.862	13.5034	
0.864	13.5608	
0.866	13.619	
0.868	13.6781	
0.87	13.7381	
0.872	13.7991	
0.874	13.8611	
0.876	13.924	
0.878	13.9881	
0.88	14.0532	
0.882	14.1194	
0.884	14.1868	
0.886	14.2554	
0.888	14.3252	
0.89	14.3964	
0.892	14.4688	
0.894	14.5427	
0.896	14.6179	
0.898	14.6947	
0.9	14.773	
0.902	14.8529	
0.904	14.9345	
0.906	15.0178	
0.908	15.103	
0.91	15.19	
0.912	15.2791	
0.914	15.3702	
0.916	15.4635	
0.918	15.559	
0.92	15.657	
0.922	15.7575	
0.924	15.8606	
0.926	15.9665	
0.928	16.0753	
0.93	16.1873	
0.932	16.3025	
0.934	16.4212	
0.936	16.5435	
0.938	16.6698	
0.94	16.8003	
0.942	16.9352	
0.944	17.0749	
0.946	17.2197	
0.948	17.37	
0.95	17.5263	
0.952	17.6889	
0.954	17.8586	
0.956	18.0358	
0.958	18.2213	
0.96	18.4158	
0.962	18.6205	
0.964	18.8362	
0.966	19.0642	
0.968	19.3062	
0.97	19.5638	
0.972	19.8393	
0.974	20.1352	
0.976	20.4548	
0.978	20.8023	
0.98	21.183	
0.982	21.6038	
0.984	22.0743	
0.986	22.6077	
0.988	23.2235	
0.99	23.9516	
0.992	24.8425	
0.994	25.9907	
0.996	27.6077	
0.998	30.3652	
1	36.7044	
1.002	26.9869	
1.004	24.5167	
1.006	24.7506	
1.008	21.6877	
1.01	21.1557	
1.012	20.5529	
1.014	22.5296	
1.016	21.2269	
1.018	20.2294	
1.02	19.3739	
1.022	18.6168	
1.024	19.502	
1.026	18.5565	
1.028	19.7015	
1.03	18.4511	
1.032	17.5953	
1.034	18.283	
1.036	17.3572	
1.038	18.0373	
1.04	17.075	
1.042	17.7133	
1.044	16.7555	
1.046	17.3283	
1.048	16.4093	
1.05	16.9082	
1.052	16.047	
1.054	16.4749	
1.056	15.6778	
1.058	16.0433	
1.06	16.5407	
1.062	15.6217	
1.064	16.0184	
1.066	15.214	
1.068	15.5388	
1.07	15.9631	
1.072	15.0934	
1.074	15.4244	
1.076	14.6767	
1.078	14.9457	
1.08	15.2753	
1.082	14.5094	
1.084	14.7713	
1.086	15.0912	
1.088	14.3218	
1.09	14.5721	
1.092	14.8752	
1.094	14.1166	
1.096	14.3521	
1.098	14.6333	
1.1	13.8969	
1.102	14.1158	
1.104	14.3727	
1.106	13.6665	
1.108	13.868	
1.11	14.1003	
1.112	13.4286	
1.114	13.613	
1.116	13.8218	
1.118	14.0662	
1.12	13.3543	
1.122	13.5418	
1.124	13.7558	
1.126	13.0949	
1.128	13.2633	
1.13	13.4517	
1.132	13.6681	
1.134	12.9884	
1.136	13.1552	
1.138	13.3422	
1.14	12.7186	
1.142	12.8671	
1.144	13.0305	
1.146	13.2135	
1.148	12.5876	
1.15	12.7319	
1.152	12.8903	
1.154	13.067	
1.156	12.4452	
1.158	12.5842	
1.16	12.7361	
1.162	12.1695	
1.164	12.2928	
1.166	12.4256	
1.168	12.5702	
1.17	12.0144	
1.172	12.132	
1.174	12.2581	
1.176	12.3946	
1.178	11.8527	
1.18	11.9642	
1.182	12.0835	
1.184	12.2117	
1.186	11.6857	
1.188	11.7912	
1.19	11.9035	
1.192	12.0235	
1.194	12.153	
1.196	11.6144	
1.198	11.7198	
1.2	11.8319	
1.202	11.9519	
1.204	11.435	
1.206	11.5337	
1.208	11.6383	
1.21	11.7495	
1.212	11.254	
1.214	11.3466	
1.216	11.444	
1.218	11.5471	
1.22	11.6567	
1.222	11.1591	
1.224	11.25	
1.226	11.3456	
1.228	11.4468	
1.23	10.9723	
1.232	11.0572	
1.234	11.1461	
1.236	11.2395	
1.238	11.338	
1.24	10.866	
1.242	10.9487	
1.244	11.0353	
1.246	11.1261	
1.248	11.2216	
1.25	10.7541	
1.252	10.8344	
1.254	10.9184	
1.256	11.0064	
1.258	10.5624	
1.26	10.6373	
1.262	10.7152	
1.264	10.7963	
1.266	10.8812	
1.268	10.4438	
1.27	10.5162	
1.272	10.5915	
1.274	10.6699	
1.276	10.7515	
1.278	10.3217	
1.28	10.3917	
1.282	10.4643	
1.284	10.5397	
1.286	10.6182	
1.288	10.1967	
1.29	10.2642	
1.292	10.3341	
1.294	10.4066	
1.296	10.4819	
1.298	10.0693	
1.3	10.1344	
1.302	10.2016	
1.304	10.2712	
1.306	10.3434	
1.308	9.94009	
1.31	10.0028	
1.312	10.0674	
1.314	10.1342	
1.316	10.2033	
1.318	10.2749	
1.32	9.86992	
1.322	9.93202	
1.324	9.99606	
1.326	10.0622	
1.328	10.1306	
1.33	9.73611	
1.332	9.79577	
1.334	9.8572	
1.336	9.92056	
1.338	9.98593	
1.34	9.60174	
1.342	9.65917	
1.344	9.71813	
1.346	9.77879	
1.348	9.84137	
1.35	9.9058	
1.352	9.52238	
1.354	9.57908	
1.356	9.63724	
1.358	9.69708	
1.36	9.7587	
1.362	9.38589	
1.364	9.44028	
1.366	9.49613	
1.368	9.55352	
1.37	9.61244	
1.372	9.67305	
1.374	9.30211	
1.376	9.35577	
1.378	9.41073	
1.38	9.46716	
1.382	9.52512	
1.384	9.16464	
1.386	9.21622	
1.388	9.26902	
1.39	9.32313	
1.392	9.37863	
1.394	9.4356	
1.396	9.07769	
1.398	9.12844	
1.4	9.18042	
1.402	9.23364	
1.404	9.28825	
1.406	9.34417	
1.408	8.9892	
1.41	9.03915	
1.412	9.09027	
1.414	9.14263	
1.416	9.19622	
1.418	9.25121	
1.42	8.89932	
1.422	8.9485	
1.424	8.99877	
1.426	9.05022	
1.428	9.1029	
1.43	9.15692	
1.432	8.80839	
1.434	8.85683	
1.436	8.90629	
1.438	8.95684	
1.44	9.00858	
1.442	8.67	
1.444	8.71662	
1.446	8.76426	
1.448	8.81292	
1.45	8.86261	
1.452	8.91349	
1.454	8.57828	
1.456	8.6242	
1.458	8.67106	
1.46	8.71895	
1.462	8.76788	
1.464	8.81784	
1.466	8.48601	
1.468	8.53131	
1.47	8.57749	
1.472	8.62455	
1.474	8.67273	
1.476	8.72189	
1.478	8.77215	
1.48	8.43806	
1.482	8.48358	
1.484	8.52998	
1.486	8.57736	
1.488	8.62579	
1.49	8.67519	
1.492	8.34472	
1.494	8.38958	
1.496	8.43535	
1.498	8.48201	
1.5	8.52966	
1.502	8.57837	
1.504	8.25138	
1.506	8.29569	
1.508	8.34082	
1.51	8.38679	
1.512	8.43383	
1.514	8.48178	
1.516	8.15823	
1.518	8.20191	
1.52	8.24643	
1.522	8.29187	
1.524	8.33823	
1.526	8.38552	
1.528	8.06522	
1.53	8.10845	
1.532	8.15244	
1.534	8.19736	
1.536	8.24314	
1.538	8.28977	
1.54	7.97268	
1.542	8.01538	
1.544	8.05894	
1.546	8.10328	
1.548	8.14856	
1.55	8.19471	
1.552	8.24181	
1.554	7.92284	
1.556	7.96596	
1.558	8.00989	
1.56	8.05469	
1.562	8.10036	
1.564	8.14692	
1.566	7.8309	
1.568	7.87362	
1.57	7.91715	
1.572	7.96155	
1.574	8.00676	
1.576	8.05295	
1.578	7.73963	
1.58	7.78202	
1.582	7.82523	
1.584	7.86925	
1.586	7.91417	
1.588	7.95992	
1.59	8.00657	
1.592	7.69127	
1.594	7.73417	
1.596	7.77798	
1.598	7.82255	
1.6	7.86795	
1.602	7.91435	
1.604	7.60133	
1.606	7.6441	
1.608	7.68763	
1.61	7.73201	
1.612	7.77716	
1.614	7.82332	
1.616	7.87034	
1.618	7.55497	
1.62	7.59839	
1.622	7.6426	
1.624	7.68767	
1.626	7.7336	
1.628	7.78042	
1.63	7.46698	
1.632	7.51031	
1.634	7.55444	
1.636	7.59944	
1.638	7.64525	
1.64	7.69203	
1.642	7.38018	
1.644	7.42352	
1.646	7.46758	
1.648	7.51255	
1.65	7.55841	
1.652	7.60517	
1.654	7.65286	
1.656	7.33798	
1.658	7.38217	
1.66	7.42719	
1.662	7.47312	
1.664	7.51998	
1.666	7.56778	
1.668	7.25392	
1.67	7.29825	
1.672	7.34343	
1.674	7.38954	
1.676	7.43661	
1.678	7.48454	
1.68	7.17131	
1.682	7.21598	
1.684	7.26143	
1.686	7.30776	
1.688	7.35505	
1.69	7.4034	
1.692	7.45265	
1.694	7.13535	
1.696	7.18118	
1.698	7.22791	
1.7	7.27564	
1.702	7.32428	
1.704	7.37401	
1.706	7.0566	
1.708	7.10286	
1.71	7.15012	
1.712	7.19832	
1.714	7.24754	
1.716	7.29788	
1.718	6.97991	
1.72	7.0268	
1.722	7.07465	
1.724	7.12344	
1.726	7.17339	
1.728	7.2244	
1.73	7.27658	
1.732	6.95297	
1.734	7.00161	
1.736	7.05124	
1.738	7.10196	
1.74	7.15388	
1.742	7.20691	
1.744	6.88182	
1.746	6.93133	
1.748	6.98186	
1.75	7.03361	
1.752	7.08658	
1.754	7.14072	
1.756	6.81351	
1.758	6.86404	
1.76	6.91582	
1.762	6.96876	
1.764	7.0229	
1.766	7.07842	
1.768	6.74839	
1.77	6.80031	
1.772	6.85334	
1.774	6.90777	
1.776	6.96344	
1.778	7.02056	
1.78	6.68695	
1.782	6.74037	
1.784	6.79513	
1.786	6.85118	
1.788	6.90861	
1.79	6.96764	
1.792	6.62982	
1.794	6.68505	
1.796	6.74161	
1.798	6.79969	
1.8	6.85933	
1.802	6.92055	
1.804	6.5776	
1.806	6.63491	
1.808	6.69381	
1.81	6.75422	
1.812	6.81637	
1.814	6.8803	
1.816	6.53109	
1.818	6.59107	
1.82	6.65264	
1.822	6.71591	
1.824	6.78113	
1.826	6.84823	
1.828	6.49161	
1.83	6.55463	
1.832	6.61944	
1.834	6.68618	
1.836	6.75499	
1.838	6.39585	
1.84	6.46057	
1.842	6.52717	
1.844	6.596	
1.846	6.66691	
1.848	6.74027	
1.85	6.37098	
1.852	6.43986	
1.854	6.51111	
1.856	6.58466	
1.858	6.6608	
1.86	6.28654	
1.862	6.35827	
1.864	6.43241	
1.866	6.50923	
1.868	6.58891	
1.87	6.67144	
1.872	6.28328	
1.874	6.3612	
1.876	6.442	
1.878	6.52589	
1.88	6.61318	
1.882	6.21635	
1.884	6.29887	
1.886	6.38462	
1.888	6.47397	
1.89	6.56703	
1.892	6.15963	
1.894	6.24783	
1.896	6.33983	
1.898	6.43603	
1.9	6.53657	
1.902	6.11592	
1.904	6.21141	
1.906	6.3115	
1.908	6.4164	
1.91	6.52683	
1.912	6.08954	
1.914	6.19457	
1.916	6.30522	
1.918	6.42173	
1.92	5.9756	
1.922	6.0871	
1.924	6.20488	
1.926	6.32972	
1.928	6.46241	
1.93	5.99161	
1.932	6.11903	
1.934	6.25478	
1.936	6.39985	
1.938	5.91235	
1.94	6.05269	
1.942	6.20323	
1.944	6.36531	
1.946	5.85623	
1.948	6.01439	
1.95	6.18594	
1.952	6.3728	
1.954	5.83528	
1.956	6.01958	
1.958	6.22247	
1.96	5.66886	
1.962	5.87153	
1.964	6.09717	
1.966	5.52152	
1.968	5.75083	
1.97	6.01084	
1.972	5.40501	
1.974	5.67646	
1.976	5.99238	
1.978	5.34599	
1.98	5.69002	
1.982	6.10935	
1.984	5.41016	
1.986	5.90544	
1.988	5.17578	
1.99	5.81966	
1.992	5.06275	
1.994	6.09241	
1.996	5.45255	
1.998	5.03043	
