-0	3.14159	8.77868
0.015708	3.12588	8.77215
0.0314159	3.11018	8.75267
0.0471239	3.09447	8.7206
0.0628319	3.07876	8.67649
0.0785398	3.06305	8.6211
0.0942478	3.04734	8.55529
0.109956	3.03164	8.73966
0.125664	3.01593	8.64765
0.141372	3.00022	8.54796
0.15708	2.98451	8.96526
0.172788	2.96881	8.83028
0.188496	2.9531	8.96017
0.204204	2.93739	8.80443
0.219911	2.92168	9.18924
0.235619	2.90597	8.99888
0.251327	2.89027	9.08053
0.267035	2.87456	8.88021
0.282743	2.85885	9.20691
0.298451	2.84314	9.25269
0.314159	2.82743	9.5825
0.329867	2.81173	9.60128
0.345575	2.79602	9.31597
0.361283	2.78031	9.59778
0.376991	2.7646	9.57958
0.392699	2.74889	9.84609
0.408407	2.73319	9.79752
0.424115	2.71748	10.0416
0.439823	2.70177	9.96265
0.455531	2.68606	10.5184
0.471239	2.67035	10.7416
0.486947	2.65465	10.5811
0.502655	2.63894	10.7597
0.518363	2.62323	11.3198
0.534071	2.60752	11.0649
0.549779	2.59181	11.5876
0.565487	2.57611	11.672
0.581195	2.5604	12.1874
0.596903	2.54469	12.7249
0.612611	2.52898	13.2728
0.628319	2.51327	12.555
0.644026	2.49757	12.9008
0.659734	2.48186	14.5595
0.675442	2.46615	14.6928
0.69115	2.45044	14.693
0.706858	2.43473	15.3297
0.722566	2.41903	16.6314
0.738274	2.40332	16.5792
0.753982	2.38761	22.6378
0.76969	2.3719	21.9215
0.785398	2.35619	39.7293
0.801106	2.34049	22.1418
0.816814	2.32478	19.374
0.832522	2.30907	17.7595
0.84823	2.29336	16.6183
0.863938	2.27765	15.7374
0.879646	2.26195	15.0218
0.895354	2.24624	14.4209
0.911062	2.23053	13.9042
0.92677	2.21482	13.4522
0.942478	2.19911	13.0517
0.958186	2.18341	12.693
0.973894	2.1677	12.3691
0.989602	2.15199	12.0746
1.00531	2.13628	11.8054
1.02102	2.12058	11.5581
1.03673	2.10487	11.3301
1.05243	2.08916	11.1192
1.06814	2.07345	10.9235
1.08385	2.05774	10.7416
1.09956	2.04204	10.5722
1.11527	2.02633	10.4141
1.13097	2.01062	10.2664
1.14668	1.99491	10.1283
1.16239	1.9792	9.99909
1.1781	1.9635	9.87814
1.19381	1.94779	9.76488
1.20951	1.93208	9.65884
1.22522	1.91637	9.55959
1.24093	1.90066	9.46674
1.25664	1.88496	9.37995
1.27235	1.86925	9.29891
1.28805	1.85354	9.22335
1.30376	1.83783	9.15302
1.31947	1.82212	9.0877
1.33518	1.80642	9.02719
1.35088	1.79071	8.97131
1.36659	1.775	8.9199
1.3823	1.75929	8.87282
1.39801	1.74358	8.82994
1.41372	1.72788	8.79114
1.42942	1.71217	8.75632
1.44513	1.69646	8.7254
1.46084	1.68075	8.69829
1.47655	1.66504	8.67493
1.49226	1.64934	8.65526
1.50796	1.63363	8.63923
1.52367	1.61792	8.6268
1.53938	1.60221	8.61794
1.55509	1.5865	8.61263
1.5708	1.5708	8.55823
1.5865	1.55509	8.61263
1.60221	1.53938	8.61794
1.61792	1.52367	8.6268
1.63363	1.50796	8.63923
1.64934	1.49226	8.65526
1.66504	1.47655	8.67493
1.68075	1.46084	8.69829
1.69646	1.44513	8.7254
1.71217	1.42942	8.75632
1.72788	1.41372	8.79114
1.74358	1.39801	8.82994
1.75929	1.3823	8.87282
1.775	1.36659	8.9199
1.79071	1.35088	8.97131
1.80642	1.33518	9.02719
1.82212	1.31947	9.0877
1.83783	1.30376	9.15302
1.85354	1.28805	9.22335
1.86925	1.27235	9.29891
1.88496	1.25664	9.37995
1.90066	1.24093	9.46674
1.91637	1.22522	9.55959
1.93208	1.20951	9.65884
1.94779	1.19381	9.76488
1.9635	1.1781	9.87814
1.9792	1.16239	9.99909
1.99491	1.14668	10.1283
2.01062	1.13097	10.2664
2.02633	1.11527	10.4141
2.04204	1.09956	10.5722
2.05774	1.08385	10.7416
2.07345	1.06814	10.9235
2.08916	1.05243	11.1192
2.10487	1.03673	11.3301
2.12058	1.02102	11.5581
2.13628	1.00531	11.8054
2.15199	0.989602	12.0746
2.1677	0.973894	12.3691
2.18341	0.958186	12.693
2.19911	0.942478	13.0517
2.21482	0.92677	13.4522
2.23053	0.911062	13.9042
2.24624	0.895354	14.4209
2.26195	0.879646	15.0218
2.27765	0.863938	15.7374
2.29336	0.84823	16.6183
2.30907	0.832522	17.7595
2.32478	0.816814	19.374
2.34049	0.801106	22.1418
2.35619	0.785398	39.7293
2.3719	0.76969	21.9215
2.38761	0.753982	22.6378
2.40332	0.738274	16.5792
2.41903	0.722566	16.6314
2.43473	0.706858	15.3297
2.45044	0.69115	14.693
2.46615	0.675442	14.6928
2.48186	0.659734	14.5595
2.49757	0.644026	12.9008
2.51327	0.628319	12.555
2.52898	0.612611	13.2728
2.54469	0.596903	12.7249
2.5604	0.581195	12.1874
2.57611	0.565487	11.672
2.59181	0.549779	11.5876
2.60752	0.534071	11.0649
2.62323	0.518363	11.3198
2.63894	0.502655	10.7597
2.65465	0.486947	10.5811
2.67035	0.471239	10.7416
2.68606	0.455531	10.5184
2.70177	0.439823	9.96265
2.71748	0.424115	10.0416
2.73319	0.408407	9.79752
2.74889	0.392699	9.84609
2.7646	0.376991	9.57958
2.78031	0.361283	9.59778
2.79602	0.345575	9.31597
2.81173	0.329867	9.60128
2.82743	0.314159	9.5825
2.84314	0.298451	9.25269
2.85885	0.282743	9.20691
2.87456	0.267035	8.88021
2.89027	0.251327	9.08053
2.90597	0.235619	8.99888
2.92168	0.219911	9.18924
2.93739	0.204204	8.80443
2.9531	0.188496	8.96017
2.96881	0.172788	8.83028
2.98451	0.15708	8.96526
3.00022	0.141372	8.54796
3.01593	0.125664	8.64765
3.03164	0.109956	8.73966
3.04734	0.0942478	8.55529
3.06305	0.0785398	8.6211
3.07876	0.0628319	8.67649
3.09447	0.0471239	8.7206
3.11018	0.0314159	8.75267
3.12588	0.015708	8.77215
3.14159	0	8.77868
-0.015708	3.12588	8.77215
9.02056e-17	3.11018	8.76563
0.015708	3.09447	8.74621
0.0314159	3.07876	8.71423
0.0471239	3.06305	8.67025
0.0628319	3.04734	8.61501
0.0785398	3.03164	8.54937
0.0942478	3.01593	8.73335
0.109956	3.00022	8.64159
0.125664	2.98451	8.54216
0.141372	2.96881	8.95852
0.15708	2.9531	8.82393
0.172788	2.93739	8.95356
0.188496	2.92168	8.79826
0.204204	2.90597	9.18215
0.219911	2.89027	8.99238
0.235619	2.87456	9.0739
0.251327	2.85885	8.87414
0.267035	2.84314	9.20011
0.282743	2.82743	9.24586
0.298451	2.81173	9.57479
0.314159	2.79602	9.59362
0.329867	2.78031	9.30927
0.345575	2.7646	9.59039
0.361283	2.74889	9.57236
0.376991	2.73319	9.83818
0.392699	2.71748	9.7899
0.408407	2.70177	10.0333
0.424115	2.68606	9.95481
0.439823	2.67035	10.5085
0.455531	2.65465	10.731
0.471239	2.63894	10.5715
0.486947	2.62323	10.7496
0.502655	2.60752	11.3069
0.518363	2.59181	11.0539
0.534071	2.57611	11.5739
0.549779	2.5604	11.6583
0.565487	2.54469	12.1704
0.581195	2.52898	12.7032
0.596903	2.51327	13.2447
0.612611	2.49757	12.5378
0.628319	2.48186	12.8817
0.644026	2.46615	14.5136
0.659734	2.45044	14.6503
0.675442	2.43473	14.657
0.69115	2.41903	15.2848
0.706858	2.40332	16.5573
0.722566	2.38761	19.824
0.738274	2.3719	21.6782
0.753982	2.35619	21.5804
0.76969	2.34049	38.7744
0.785398	2.32478	22.0794
0.801106	2.30907	19.3428
0.816814	2.29336	17.7386
0.832522	2.27765	16.6027
0.84823	2.26195	15.7249
0.863938	2.24624	15.0114
0.879646	2.23053	14.4119
0.895354	2.21482	13.8964
0.911062	2.19911	13.4453
0.92677	2.18341	13.0454
0.942478	2.1677	12.6873
0.958186	2.15199	12.3639
0.973894	2.13628	12.0698
0.989602	2.12058	11.8009
1.00531	2.10487	11.5539
1.02102	2.08916	11.3262
1.03673	2.07345	11.1155
1.05243	2.05774	10.92
1.06814	2.04204	10.7383
1.08385	2.02633	10.569
1.09956	2.01062	10.411
1.11527	1.99491	10.2635
1.13097	1.9792	10.1255
1.14668	1.9635	9.9964
1.16239	1.94779	9.87554
1.1781	1.93208	9.76237
1.19381	1.91637	9.65641
1.20951	1.90066	9.55723
1.22522	1.88496	9.46444
1.24093	1.86925	9.37771
1.25664	1.85354	9.29673
1.27235	1.83783	9.22121
1.28805	1.82212	9.15093
1.30376	1.80642	9.08565
1.31947	1.79071	9.02517
1.33518	1.775	8.96933
1.35088	1.75929	8.91795
1.36659	1.74358	8.8709
1.3823	1.72788	8.82804
1.39801	1.71217	8.78927
1.41372	1.69646	8.75447
1.42942	1.68075	8.72357
1.44513	1.66504	8.69648
1.46084	1.64934	8.67313
1.47655	1.63363	8.65347
1.49226	1.61792	8.63744
1.50796	1.60221	8.62502
1.52367	1.5865	8.61617
1.53938	1.5708	8.55823
1.55509	1.55509	8.6091
1.5708	1.53938	8.55823
1.5865	1.52367	8.61617
1.60221	1.50796	8.62502
1.61792	1.49226	8.63744
1.63363	1.47655	8.65347
1.64934	1.46084	8.67313
1.66504	1.44513	8.69648
1.68075	1.42942	8.72357
1.69646	1.41372	8.75447
1.71217	1.39801	8.78927
1.72788	1.3823	8.82804
1.74358	1.36659	8.8709
1.75929	1.35088	8.91795
1.775	1.33518	8.96933
1.79071	1.31947	9.02517
1.80642	1.30376	9.08565
1.82212	1.28805	9.15093
1.83783	1.27235	9.22121
1.85354	1.25664	9.29673
1.86925	1.24093	9.37771
1.88496	1.22522	9.46444
1.90066	1.20951	9.55723
1.91637	1.19381	9.65641
1.93208	1.1781	9.76237
1.94779	1.16239	9.87554
1.9635	1.14668	9.9964
1.9792	1.13097	10.1255
1.99491	1.11527	10.2635
2.01062	1.09956	10.411
2.02633	1.08385	10.569
2.04204	1.06814	10.7383
2.05774	1.05243	10.92
2.07345	1.03673	11.1155
2.08916	1.02102	11.3262
2.10487	1.00531	11.5539
2.12058	0.989602	11.8009
2.13628	0.973894	12.0698
2.15199	0.958186	12.3639
2.1677	0.942478	12.6873
2.18341	0.92677	13.0454
2.19911	0.911062	13.4453
2.21482	0.895354	13.8964
2.23053	0.879646	14.4119
2.24624	0.863938	15.0114
2.26195	0.84823	15.7249
2.27765	0.832522	16.6027
2.29336	0.816814	17.7386
2.30907	0.801106	19.3428
2.32478	0.785398	22.0794
2.34049	0.76969	38.7744
2.35619	0.753982	21.5804
2.3719	0.738274	21.6782
2.38761	0.722566	19.824
2.40332	0.706858	16.5573
2.41903	0.69115	15.2848
2.43473	0.675442	14.657
2.45044	0.659734	14.6503
2.46615	0.644026	14.5136
2.48186	0.628319	12.8817
2.49757	0.612611	12.5378
2.51327	0.596903	13.2447
2.52898	0.581195	12.7032
2.54469	0.565487	12.1704
2.5604	0.549779	11.6583
2.57611	0.534071	11.5739
2.59181	0.518363	11.0539
2.60752	0.502655	11.3069
2.62323	0.486947	10.7496
2.63894	0.471239	10.5715
2.65465	0.455531	10.731
2.67035	0.439823	10.5085
2.68606	0.424115	9.95481
2.70177	0.408407	10.0333
2.71748	0.392699	9.7899
2.73319	0.376991	9.83818
2.74889	0.361283	9.57236
2.7646	0.345575	9.59039
2.78031	0.329867	9.30927
2.79602	0.314159	9.59362
2.81173	0.298451	9.57479
2.82743	0.282743	9.24586
2.84314	0.267035	9.20011
2.85885	0.251327	8.87414
2.87456	0.235619	9.0739
2.89027	0.219911	8.99238
2.90597	0.204204	9.18215
2.92168	0.188496	8.79826
2.93739	0.172788	8.95356
2.9531	0.15708	8.82393
2.96881	0.141372	8.95852
2.98451	0.125664	8.54216
3.00022	0.109956	8.64159
3.01593	0.0942478	8.73335
3.03164	0.0785398	8.54937
3.04734	0.0628319	8.61501
3.06305	0.0471239	8.67025
3.07876	0.0314159	8.71423
3.09447	0.015708	8.74621
3.11018	0	8.76563
3.12588	-0.015708	8.77215
-0.0314159	3.11018	8.75267
-0.015708	3.09447	8.74621
1.80411e-16	3.07876	8.72696
0.015708	3.06305	8.69525
0.0314159	3.04734	8.65163
0.0471239	3.03164	8.59683
0.0628319	3.01593	8.79669
0.0785398	3.00022	8.71453
0.0942478	2.98451	8.62352
0.109956	2.96881	8.52486
0.125664	2.9531	8.93843
0.141372	2.93739	8.80502
0.15708	2.92168	8.93385
0.172788	2.90597	8.77987
0.188496	2.89027	9.16102
0.204204	2.87456	8.973
0.219911	2.85885	9.05411
0.235619	2.84314	9.41599
0.251327	2.82743	9.17985
0.267035	2.81173	9.22549
0.282743	2.79602	9.55183
0.298451	2.78031	9.57081
0.314159	2.7646	9.2893
0.329867	2.74889	9.56838
0.345575	2.73319	9.55087
0.361283	2.71748	9.8146
0.376991	2.70177	9.76723
0.392699	2.68606	10.0087
0.408407	2.67035	10.6063
0.424115	2.65465	10.4793
0.439823	2.63894	10.6994
0.455531	2.62323	10.5429
0.471239	2.60752	11.1017
0.486947	2.59181	11.2688
0.502655	2.57611	11.0214
0.518363	2.5604	11.5334
0.534071	2.54469	11.6181
0.549779	2.52898	12.1205
0.565487	2.51327	12.64
0.581195	2.49757	13.1638
0.596903	2.48186	13.6632
0.612611	2.46615	14.0886
0.628319	2.45044	14.3847
0.644026	2.43473	14.5299
0.659734	2.41903	15.4684
0.675442	2.40332	15.1584
0.69115	2.38761	16.3558
0.706858	2.3719	18.8941
0.722566	2.35619	20.316
0.738274	2.34049	20.8903
0.753982	2.32478	33.2104
0.76969	2.30907	21.8982
0.785398	2.29336	19.2505
0.801106	2.27765	17.6767
0.816814	2.26195	16.5562
0.832522	2.24624	15.6877
0.84823	2.23053	14.9804
0.863938	2.21482	14.3853
0.879646	2.19911	13.8731
0.895354	2.18341	13.4246
0.911062	2.1677	13.0268
0.92677	2.15199	12.6703
0.942478	2.13628	12.3483
0.958186	2.12058	12.0554
0.973894	2.10487	11.7875
0.989602	2.08916	11.5414
1.00531	2.07345	11.3144
1.02102	2.05774	11.1044
1.03673	2.04204	10.9095
1.05243	2.02633	10.7283
1.06814	2.01062	10.5595
1.08385	1.99491	10.402
1.09956	1.9792	10.2548
1.11527	1.9635	10.1171
1.13097	1.94779	9.98834
1.14668	1.93208	9.86776
1.16239	1.91637	9.75484
1.1781	1.90066	9.64912
1.19381	1.88496	9.55015
1.20951	1.86925	9.45756
1.22522	1.85354	9.371
1.24093	1.83783	9.29018
1.25664	1.82212	9.21481
1.27235	1.80642	9.14466
1.28805	1.79071	9.07951
1.30376	1.775	9.01915
1.31947	1.75929	8.96341
1.33518	1.74358	8.91212
1.35088	1.72788	8.86516
1.36659	1.71217	8.82238
1.3823	1.69646	8.78367
1.39801	1.68075	8.74893
1.41372	1.66504	8.71808
1.42942	1.64934	8.69104
1.44513	1.63363	8.66773
1.46084	1.61792	8.6481
1.47655	1.60221	8.6321
1.49226	1.5865	8.6197
1.50796	1.5708	8.55823
1.52367	1.55509	8.60557
1.53938	1.53938	8.60381
1.55509	1.52367	8.60557
1.5708	1.50796	8.55823
1.5865	1.49226	8.6197
1.60221	1.47655	8.6321
1.61792	1.46084	8.6481
1.63363	1.44513	8.66773
1.64934	1.42942	8.69104
1.66504	1.41372	8.71808
1.68075	1.39801	8.74893
1.69646	1.3823	8.78367
1.71217	1.36659	8.82238
1.72788	1.35088	8.86516
1.74358	1.33518	8.91212
1.75929	1.31947	8.96341
1.775	1.30376	9.01915
1.79071	1.28805	9.07951
1.80642	1.27235	9.14466
1.82212	1.25664	9.21481
1.83783	1.24093	9.29018
1.85354	1.22522	9.371
1.86925	1.20951	9.45756
1.88496	1.19381	9.55015
1.90066	1.1781	9.64912
1.91637	1.16239	9.75484
1.93208	1.14668	9.86776
1.94779	1.13097	9.98834
1.9635	1.11527	10.1171
1.9792	1.09956	10.2548
1.99491	1.08385	10.402
2.01062	1.06814	10.5595
2.02633	1.05243	10.7283
2.04204	1.03673	10.9095
2.05774	1.02102	11.1044
2.07345	1.00531	11.3144
2.08916	0.989602	11.5414
2.10487	0.973894	11.7875
2.12058	0.958186	12.0554
2.13628	0.942478	12.3483
2.15199	0.92677	12.6703
2.1677	0.911062	13.0268
2.18341	0.895354	13.4246
2.19911	0.879646	13.8731
2.21482	0.863938	14.3853
2.23053	0.84823	14.9804
2.24624	0.832522	15.6877
2.26195	0.816814	16.5562
2.27765	0.801106	17.6767
2.29336	0.785398	19.2505
2.30907	0.76969	21.8982
2.32478	0.753982	33.2104
2.34049	0.738274	20.8903
2.35619	0.722566	20.316
2.3719	0.706858	18.8941
2.38761	0.69115	16.3558
2.40332	0.675442	15.1584
2.41903	0.659734	15.4684
2.43473	0.644026	14.5299
2.45044	0.628319	14.3847
2.46615	0.612611	14.0886
2.48186	0.596903	13.6632
2.49757	0.581195	13.1638
2.51327	0.565487	12.64
2.52898	0.549779	12.1205
2.54469	0.534071	11.6181
2.5604	0.518363	11.5334
2.57611	0.502655	11.0214
2.59181	0.486947	11.2688
2.60752	0.471239	11.1017
2.62323	0.455531	10.5429
2.63894	0.439823	10.6994
2.65465	0.424115	10.4793
2.67035	0.408407	10.6063
2.68606	0.392699	10.0087
2.70177	0.376991	9.76723
2.71748	0.361283	9.8146
2.73319	0.345575	9.55087
2.74889	0.329867	9.56838
2.7646	0.314159	9.2893
2.78031	0.298451	9.57081
2.79602	0.282743	9.55183
2.81173	0.267035	9.22549
2.82743	0.251327	9.17985
2.84314	0.235619	9.41599
2.85885	0.219911	9.05411
2.87456	0.204204	8.973
2.89027	0.188496	9.16102
2.90597	0.172788	8.77987
2.92168	0.15708	8.93385
2.93739	0.141372	8.80502
2.9531	0.125664	8.93843
2.96881	0.109956	8.52486
2.98451	0.0942478	8.62352
3.00022	0.0785398	8.71453
3.01593	0.0628319	8.79669
3.03164	0.0471239	8.59683
3.04734	0.0314159	8.65163
3.06305	0.015708	8.69525
3.07876	0	8.72696
3.09447	-0.015708	8.74621
3.11018	-0.0314159	8.75267
-0.0471239	3.09447	8.7206
-0.0314159	3.07876	8.71423
-0.015708	3.06305	8.69525
-1.80411e-16	3.04734	8.66398
0.015708	3.03164	8.62095
0.0314159	3.01593	8.56688
0.0471239	3.00022	8.76455
0.0628319	2.98451	8.68353
0.0785398	2.96881	8.59373
0.0942478	2.9531	9.0319
0.109956	2.93739	8.90538
0.125664	2.92168	8.77387
0.141372	2.90597	8.9014
0.15708	2.89027	8.74957
0.172788	2.87456	9.12629
0.188496	2.85885	8.94109
0.204204	2.84314	9.02154
0.219911	2.82743	9.37883
0.235619	2.81173	9.14652
0.251327	2.79602	9.19199
0.267035	2.78031	9.51414
0.282743	2.7646	9.53337
0.298451	2.74889	9.85226
0.314159	2.73319	9.53222
0.329867	2.71748	9.51555
0.345575	2.70177	9.77593
0.361283	2.68606	9.73
0.376991	2.67035	10.2989
0.392699	2.65465	10.5545
0.408407	2.63894	10.4317
0.424115	2.62323	10.6481
0.439823	2.60752	10.4964
0.455531	2.59181	11.0428
0.471239	2.57611	11.2072
0.486947	2.5604	10.9684
0.502655	2.54469	11.468
0.518363	2.52898	12.004
0.534071	2.51327	12.0405
0.549779	2.49757	12.5402
0.565487	2.48186	13.0384
0.581195	2.46615	13.5082
0.596903	2.45044	13.908
0.612611	2.43473	14.194
0.628319	2.41903	14.3496
0.644026	2.40332	15.1826
0.659734	2.38761	14.9695
0.675442	2.3719	17.4156
0.69115	2.35619	18.0757
0.706858	2.34049	19.2905
0.722566	2.32478	24.4318
0.738274	2.30907	29.9683
0.753982	2.29336	21.6134
0.76969	2.27765	19.1013
0.785398	2.26195	17.5758
0.801106	2.24624	16.4799
0.816814	2.23053	15.6264
0.832522	2.21482	14.9292
0.84823	2.19911	14.3414
0.863938	2.18341	13.8345
0.879646	2.1677	13.3903
0.895354	2.15199	12.9959
0.911062	2.13628	12.6422
0.92677	2.12058	12.3225
0.942478	2.10487	12.0316
0.958186	2.08916	11.7654
0.973894	2.07345	11.5207
0.989602	2.05774	11.295
1.00531	2.04204	11.086
1.02102	2.02633	10.8921
1.03673	2.01062	10.7118
1.05243	1.99491	10.5437
1.06814	1.9792	10.3869
1.08385	1.9635	10.2403
1.09956	1.94779	10.1032
1.11527	1.93208	9.97496
1.13097	1.91637	9.85484
1.14668	1.90066	9.74235
1.16239	1.88496	9.637
1.1781	1.86925	9.53839
1.19381	1.85354	9.44612
1.20951	1.83783	9.35986
1.22522	1.82212	9.2793
1.24093	1.80642	9.20418
1.25664	1.79071	9.13426
1.27235	1.775	9.06931
1.28805	1.75929	9.00914
1.30376	1.74358	8.95357
1.31947	1.72788	8.90244
1.33518	1.71217	8.85561
1.35088	1.69646	8.81296
1.36659	1.68075	8.77436
1.3823	1.66504	8.73973
1.39801	1.64934	8.70897
1.41372	1.63363	8.682
1.42942	1.61792	8.65876
1.44513	1.60221	8.63918
1.46084	1.5865	8.62323
1.47655	1.5708	8.55823
1.49226	1.55509	8.60205
1.50796	1.53938	8.59678
1.52367	1.52367	8.59502
1.53938	1.50796	8.59678
1.55509	1.49226	8.60205
1.5708	1.47655	8.55823
1.5865	1.46084	8.62323
1.60221	1.44513	8.63918
1.61792	1.42942	8.65876
1.63363	1.41372	8.682
1.64934	1.39801	8.70897
1.66504	1.3823	8.73973
1.68075	1.36659	8.77436
1.69646	1.35088	8.81296
1.71217	1.33518	8.85561
1.72788	1.31947	8.90244
1.74358	1.30376	8.95357
1.75929	1.28805	9.00914
1.775	1.27235	9.06931
1.79071	1.25664	9.13426
1.80642	1.24093	9.20418
1.82212	1.22522	9.2793
1.83783	1.20951	9.35986
1.85354	1.19381	9.44612
1.86925	1.1781	9.53839
1.88496	1.16239	9.637
1.90066	1.14668	9.74235
1.91637	1.13097	9.85484
1.93208	1.11527	9.97496
1.94779	1.09956	10.1032
1.9635	1.08385	10.2403
1.9792	1.06814	10.3869
1.99491	1.05243	10.5437
2.01062	1.03673	10.7118
2.02633	1.02102	10.8921
2.04204	1.00531	11.086
2.05774	0.989602	11.295
2.07345	0.973894	11.5207
2.08916	0.958186	11.7654
2.10487	0.942478	12.0316
2.12058	0.92677	12.3225
2.13628	0.911062	12.6422
2.15199	0.895354	12.9959
2.1677	0.879646	13.3903
2.18341	0.863938	13.8345
2.19911	0.84823	14.3414
2.21482	0.832522	14.9292
2.23053	0.816814	15.6264
2.24624	0.801106	16.4799
2.26195	0.785398	17.5758
2.27765	0.76969	19.1013
2.29336	0.753982	21.6134
2.30907	0.738274	28.8832
2.32478	0.722566	24.4318
2.34049	0.706858	19.2905
2.35619	0.69115	18.0757
2.3719	0.675442	17.4156
2.38761	0.659734	14.9695
2.40332	0.644026	15.1826
2.41903	0.628319	14.3496
2.43473	0.612611	14.194
2.45044	0.596903	13.908
2.46615	0.581195	13.5082
2.48186	0.565487	13.0384
2.49757	0.549779	12.5402
2.51327	0.534071	12.0405
2.52898	0.518363	12.004
2.54469	0.502655	11.468
2.5604	0.486947	10.9684
2.57611	0.471239	11.2072
2.59181	0.455531	11.0428
2.60752	0.439823	10.4964
2.62323	0.424115	10.6481
2.63894	0.408407	10.4317
2.65465	0.392699	10.5545
2.67035	0.376991	10.2989
2.68606	0.361283	9.73
2.70177	0.345575	9.77593
2.71748	0.329867	9.51555
2.73319	0.314159	9.53222
2.74889	0.298451	9.85226
2.7646	0.282743	9.53337
2.78031	0.267035	9.51414
2.79602	0.251327	9.19199
2.81173	0.235619	9.14652
2.82743	0.219911	9.37883
2.84314	0.204204	9.02154
2.85885	0.188496	8.94109
2.87456	0.172788	9.12629
2.89027	0.15708	8.74957
2.90597	0.141372	8.9014
2.92168	0.125664	8.77387
2.93739	0.109956	8.90538
2.9531	0.0942478	9.0319
2.96881	0.0785398	8.59373
2.98451	0.0628319	8.68353
3.00022	0.0471239	8.76455
3.01593	0.0314159	8.56688
3.03164	0.015708	8.62095
3.04734	0	8.66398
3.06305	-0.015708	8.69525
3.07876	-0.0314159	8.71423
3.09447	-0.0471239	8.7206
-0.0628319	3.07876	8.67649
-0.0471239	3.06305	8.67025
-0.0314159	3.04734	8.65163
-0.015708	3.03164	8.62095
-8.32667e-17	3.01593	8.57873
0.015708	3.00022	8.78999
0.0314159	2.98451	8.72034
0.0471239	2.96881	8.64087
0.0628319	2.9531	8.55272
0.0785398	2.93739	8.98383
0.0942478	2.92168	8.85995
0.109956	2.90597	8.73102
0.125664	2.89027	8.8568
0.141372	2.87456	8.70786
0.15708	2.85885	9.07861
0.172788	2.84314	9.17433
0.188496	2.82743	8.97679
0.204204	2.81173	9.32791
0.219911	2.79602	9.38665
0.235619	2.78031	9.14597
0.251327	2.7646	9.46254
0.267035	2.74889	9.4821
0.282743	2.73319	9.79458
0.298451	2.71748	9.78334
0.314159	2.70177	10.0843
0.329867	2.68606	10.038
0.345575	2.67035	10.318
0.361283	2.65465	10.235
0.376991	2.63894	10.4844
0.392699	2.62323	10.3669
0.408407	2.60752	10.5785
0.424115	2.59181	11.182
0.439823	2.57611	10.9634
0.455531	2.5604	11.1244
0.471239	2.54469	11.7007
0.486947	2.52898	11.3804
0.502655	2.51327	11.8939
0.518363	2.49757	11.9346
0.534071	2.48186	12.4103
0.549779	2.46615	12.879
0.565487	2.45044	13.3165
0.581195	2.43473	13.6891
0.596903	2.41903	13.9642
0.612611	2.40332	14.9656
0.628319	2.38761	14.8697
0.644026	2.3719	16.4683
0.659734	2.35619	16.6735
0.675442	2.34049	17.4
0.69115	2.32478	20.2043
0.706858	2.30907	27.9171
0.722566	2.29336	27.6692
0.738274	2.27765	21.2465
0.753982	2.26195	18.9017
0.76969	2.24624	17.4388
0.785398	2.23053	16.3756
0.801106	2.21482	15.5423
0.816814	2.19911	14.8587
0.832522	2.18341	14.2807
0.84823	2.1677	13.7813
0.863938	2.15199	13.3429
0.879646	2.13628	12.9531
0.895354	2.12058	12.6033
0.911062	2.10487	12.2867
0.92677	2.08916	11.9985
0.942478	2.07345	11.7346
0.958186	2.05774	11.4919
0.973894	2.04204	11.2679
0.989602	2.02633	11.0605
1.00531	2.01062	10.8679
1.02102	1.99491	10.6888
1.03673	1.9792	10.5218
1.05243	1.9635	10.3659
1.06814	1.94779	10.2202
1.08385	1.93208	10.0839
1.09956	1.91637	9.95633
1.11527	1.90066	9.83685
1.13097	1.88496	9.72494
1.14668	1.86925	9.62014
1.16239	1.85354	9.52201
1.1781	1.83783	9.43018
1.19381	1.82212	9.34433
1.20951	1.80642	9.26415
1.22522	1.79071	9.18937
1.24093	1.775	9.11976
1.25664	1.75929	9.0551
1.27235	1.74358	8.99519
1.28805	1.72788	8.93985
1.30376	1.71217	8.88894
1.31947	1.69646	8.84231
1.33518	1.68075	8.79983
1.35088	1.66504	8.76139
1.36659	1.64934	8.7269
1.3823	1.63363	8.69626
1.39801	1.61792	8.6694
1.41372	1.60221	8.64625
1.42942	1.5865	8.62675
1.44513	1.5708	8.55823
1.46084	1.55509	8.59855
1.47655	1.53938	8.58977
1.49226	1.52367	8.58451
1.50796	1.50796	8.58276
1.52367	1.49226	8.58451
1.53938	1.47655	8.58977
1.55509	1.46084	8.59855
1.5708	1.44513	8.55823
1.5865	1.42942	8.62675
1.60221	1.41372	8.64625
1.61792	1.39801	8.6694
1.63363	1.3823	8.69626
1.64934	1.36659	8.7269
1.66504	1.35088	8.76139
1.68075	1.33518	8.79983
1.69646	1.31947	8.84231
1.71217	1.30376	8.88894
1.72788	1.28805	8.93985
1.74358	1.27235	8.99519
1.75929	1.25664	9.0551
1.775	1.24093	9.11976
1.79071	1.22522	9.18937
1.80642	1.20951	9.26415
1.82212	1.19381	9.34433
1.83783	1.1781	9.43018
1.85354	1.16239	9.52201
1.86925	1.14668	9.62014
1.88496	1.13097	9.72494
1.90066	1.11527	9.83685
1.91637	1.09956	9.95633
1.93208	1.08385	10.0839
1.94779	1.06814	10.2202
1.9635	1.05243	10.3659
1.9792	1.03673	10.5218
1.99491	1.02102	10.6888
2.01062	1.00531	10.8679
2.02633	0.989602	11.0605
2.04204	0.973894	11.2679
2.05774	0.958186	11.4919
2.07345	0.942478	11.7346
2.08916	0.92677	11.9985
2.10487	0.911062	12.2867
2.12058	0.895354	12.6033
2.13628	0.879646	12.9531
2.15199	0.863938	13.3429
2.1677	0.84823	13.7813
2.18341	0.832522	14.2807
2.19911	0.816814	14.8587
2.21482	0.801106	15.5423
2.23053	0.785398	16.3756
2.24624	0.76969	17.4388
2.26195	0.753982	18.9017
2.27765	0.738274	21.2465
2.29336	0.722566	27.6692
2.30907	0.706858	27.9171
2.32478	0.69115	20.2043
2.34049	0.675442	17.4
2.35619	0.659734	16.6735
2.3719	0.644026	16.4683
2.38761	0.628319	14.8697
2.40332	0.612611	14.9656
2.41903	0.596903	13.9642
2.43473	0.581195	13.6891
2.45044	0.565487	13.3165
2.46615	0.549779	12.879
2.48186	0.534071	12.4103
2.49757	0.518363	11.9346
2.51327	0.502655	11.8939
2.52898	0.486947	11.3804
2.54469	0.471239	11.7007
2.5604	0.455531	11.1244
2.57611	0.439823	10.9634
2.59181	0.424115	11.182
2.60752	0.408407	10.5785
2.62323	0.392699	10.3669
2.63894	0.376991	10.4844
2.65465	0.361283	10.235
2.67035	0.345575	10.318
2.68606	0.329867	10.038
2.70177	0.314159	10.0843
2.71748	0.298451	9.78334
2.73319	0.282743	9.79458
2.74889	0.267035	9.4821
2.7646	0.251327	9.46254
2.78031	0.235619	9.14597
2.79602	0.219911	9.38665
2.81173	0.204204	9.32791
2.82743	0.188496	8.97679
2.84314	0.172788	9.17433
2.85885	0.15708	9.07861
2.87456	0.141372	8.70786
2.89027	0.125664	8.8568
2.90597	0.109956	8.73102
2.92168	0.0942478	8.85995
2.93739	0.0785398	8.98383
2.9531	0.0628319	8.55272
2.96881	0.0471239	8.64087
2.98451	0.0314159	8.72034
3.00022	0.015708	8.78999
3.01593	0	8.57873
3.03164	-0.015708	8.62095
3.04734	-0.0314159	8.65163
3.06305	-0.0471239	8.67025
3.07876	-0.0628319	8.67649
-0.0785398	3.06305	8.6211
-0.0628319	3.04734	8.61501
-0.0471239	3.03164	8.59683
-0.0314159	3.01593	8.56688
-0.015708	3.00022	8.78999
-0	2.98451	8.73275
0.015708	2.96881	8.66483
0.0314159	2.9531	8.58726
0.0471239	2.93739	8.50111
0.0628319	2.92168	8.9236
0.0785398	2.90597	8.80295
0.0942478	2.89027	8.94403
0.109956	2.87456	8.80081
0.125664	2.85885	9.19812
0.141372	2.84314	9.01888
0.15708	2.82743	9.11295
0.172788	2.81173	8.92061
0.188496	2.79602	9.26427
0.204204	2.78031	9.32227
0.219911	2.7646	9.08827
0.235619	2.74889	9.39806
0.251327	2.73319	9.41803
0.267035	2.71748	9.72283
0.282743	2.70177	9.71306
0.298451	2.68606	10.0058
0.314159	2.67035	9.96242
0.329867	2.65465	10.2343
0.345575	2.63894	10.1559
0.361283	2.62323	10.3981
0.376991	2.60752	10.2868
0.392699	2.59181	10.4928
0.408407	2.57611	11.0709
0.424115	2.5604	10.8664
0.439823	2.54469	11.0233
0.455531	2.52898	11.5711
0.471239	2.51327	11.2739
0.486947	2.49757	11.7624
0.502655	2.48186	12.2729
0.518363	2.46615	12.2573
0.534071	2.45044	12.6957
0.549779	2.43473	13.1017
0.565487	2.41903	13.4489
0.581195	2.40332	14.4708
0.596903	2.38761	14.5625
0.612611	2.3719	14.5504
0.628319	2.35619	15.8549
0.644026	2.34049	16.116
0.659734	2.32478	17.8503
0.675442	2.30907	18.7569
0.69115	2.29336	28.4836
0.706858	2.27765	25.2478
0.722566	2.26195	20.8199
0.738274	2.24624	18.6593
0.753982	2.23053	17.2695
0.76969	2.21482	16.2457
0.785398	2.19911	15.4369
0.801106	2.18341	14.77
0.816814	2.1677	14.2042
0.832522	2.15199	13.7141
0.84823	2.13628	13.2829
0.863938	2.12058	12.8989
0.879646	2.10487	12.5539
0.895354	2.08916	12.2413
0.911062	2.07345	11.9564
0.92677	2.05774	11.6954
0.942478	2.04204	11.4552
0.958186	2.02633	11.2334
0.973894	2.01062	11.0279
0.989602	1.99491	10.8371
1.00531	1.9792	10.6594
1.02102	1.9635	10.4938
1.03673	1.94779	10.3391
1.05243	1.93208	10.1945
1.06814	1.91637	10.0592
1.08385	1.90066	9.93255
1.09956	1.88496	9.81389
1.11527	1.86925	9.70273
1.13097	1.85354	9.5986
1.14668	1.83783	9.50109
1.16239	1.82212	9.40983
1.1781	1.80642	9.3245
1.19381	1.79071	9.2448
1.20951	1.775	9.17046
1.22522	1.75929	9.10124
1.24093	1.74358	9.03694
1.25664	1.72788	8.97736
1.27235	1.71217	8.92233
1.28805	1.69646	8.87169
1.30376	1.68075	8.82531
1.31947	1.66504	8.78305
1.33518	1.64934	8.74482
1.35088	1.63363	8.7105
1.36659	1.61792	8.68002
1.3823	1.60221	8.6533
1.39801	1.5865	8.63026
1.41372	1.5708	8.55823
1.42942	1.55509	8.59506
1.44513	1.53938	8.5828
1.46084	1.52367	8.57407
1.47655	1.50796	8.56884
1.49226	1.49226	8.56709
1.50796	1.47655	8.56884
1.52367	1.46084	8.57407
1.53938	1.44513	8.5828
1.55509	1.42942	8.59506
1.5708	1.41372	8.55823
1.5865	1.39801	8.63026
1.60221	1.3823	8.6533
1.61792	1.36659	8.68002
1.63363	1.35088	8.7105
1.64934	1.33518	8.74482
1.66504	1.31947	8.78305
1.68075	1.30376	8.82531
1.69646	1.28805	8.87169
1.71217	1.27235	8.92233
1.72788	1.25664	8.97736
1.74358	1.24093	9.03694
1.75929	1.22522	9.10124
1.775	1.20951	9.17046
1.79071	1.19381	9.2448
1.80642	1.1781	9.3245
1.82212	1.16239	9.40983
1.83783	1.14668	9.50109
1.85354	1.13097	9.5986
1.86925	1.11527	9.70273
1.88496	1.09956	9.81389
1.90066	1.08385	9.93255
1.91637	1.06814	10.0592
1.93208	1.05243	10.1945
1.94779	1.03673	10.3391
1.9635	1.02102	10.4938
1.9792	1.00531	10.6594
1.99491	0.989602	10.8371
2.01062	0.973894	11.0279
2.02633	0.958186	11.2334
2.04204	0.942478	11.4552
2.05774	0.92677	11.6954
2.07345	0.911062	11.9564
2.08916	0.895354	12.2413
2.10487	0.879646	12.5539
2.12058	0.863938	12.8989
2.13628	0.84823	13.2829
2.15199	0.832522	13.7141
2.1677	0.816814	14.2042
2.18341	0.801106	14.77
2.19911	0.785398	15.4369
2.21482	0.76969	16.2457
2.23053	0.753982	17.2695
2.24624	0.738274	18.6593
2.26195	0.722566	20.8199
2.27765	0.706858	25.2478
2.29336	0.69115	28.4836
2.30907	0.675442	18.7569
2.32478	0.659734	17.8503
2.34049	0.644026	16.116
2.35619	0.628319	15.8549
2.3719	0.612611	14.5504
2.38761	0.596903	14.5625
2.40332	0.581195	14.4708
2.41903	0.565487	13.4489
2.43473	0.549779	13.1017
2.45044	0.534071	12.6957
2.46615	0.518363	12.2573
2.48186	0.502655	12.2729
2.49757	0.486947	11.7624
2.51327	0.471239	11.2739
2.52898	0.455531	11.5711
2.54469	0.439823	11.0233
2.5604	0.424115	10.8664
2.57611	0.408407	11.0709
2.59181	0.392699	10.4928
2.60752	0.376991	10.2868
2.62323	0.361283	10.3981
2.63894	0.345575	10.1559
2.65465	0.329867	10.2343
2.67035	0.314159	9.96242
2.68606	0.298451	10.0058
2.70177	0.282743	9.71306
2.71748	0.267035	9.72283
2.73319	0.251327	9.41803
2.74889	0.235619	9.39806
2.7646	0.219911	9.08827
2.78031	0.204204	9.32227
2.79602	0.188496	9.26427
2.81173	0.172788	8.92061
2.82743	0.15708	9.11295
2.84314	0.141372	9.01888
2.85885	0.125664	9.19812
2.87456	0.109956	8.80081
2.89027	0.0942478	8.94403
2.90597	0.0785398	8.80295
2.92168	0.0628319	8.9236
2.93739	0.0471239	8.50111
2.9531	0.0314159	8.58726
2.96881	0.015708	8.66483
2.98451	0	8.73275
3.00022	-0.015708	8.78999
3.01593	-0.0314159	8.56688
3.03164	-0.0471239	8.59683
3.04734	-0.0628319	8.61501
3.06305	-0.0785398	8.6211
-0.0942478	3.04734	8.55529
-0.0785398	3.03164	8.54937
-0.0628319	3.01593	8.79669
-0.0471239	3.00022	8.76455
-0.0314159	2.98451	8.72034
-0.015708	2.96881	8.66483
8.32667e-17	2.9531	8.59889
0.015708	2.93739	8.5235
0.0314159	2.92168	8.96271
0.0471239	2.90597	8.85227
0.0628319	2.89027	8.73531
0.0785398	2.87456	8.87321
0.0942478	2.85885	8.73432
0.109956	2.84314	9.12144
0.125664	2.82743	8.94812
0.141372	2.81173	9.04031
0.15708	2.79602	9.41334
0.172788	2.78031	9.18906
0.188496	2.7646	9.24625
0.204204	2.74889	9.588
0.219911	2.73319	9.32193
0.235619	2.71748	9.34236
0.251327	2.70177	9.63853
0.267035	2.68606	9.63041
0.282743	2.67035	9.91393
0.298451	2.65465	9.87386
0.314159	2.63894	10.1367
0.329867	2.62323	10.0634
0.345575	2.60752	10.2976
0.361283	2.59181	10.1932
0.376991	2.57611	10.7436
0.392699	2.5604	10.9441
0.408407	2.54469	10.7544
0.424115	2.52898	11.2921
0.439823	2.51327	11.4252
0.455531	2.49757	11.9908
0.471239	2.48186	11.6145
0.486947	2.46615	12.0907
0.502655	2.45044	12.5722
0.518363	2.43473	13.0427
0.534071	2.41903	13.4734
0.549779	2.40332	13.8254
0.565487	2.38761	14.0668
0.581195	2.3719	14.1948
0.596903	2.35619	15.7402
0.612611	2.34049	16.297
0.628319	2.32478	17.4966
0.644026	2.30907	20.0253
0.659734	2.29336	19.9665
0.675442	2.27765	23.6535
0.69115	2.26195	24.4324
0.706858	2.24624	20.3545
0.722566	2.23053	18.3822
0.738274	2.21482	17.0724
0.753982	2.19911	16.0927
0.76969	2.18341	15.312
0.785398	2.1677	14.6645
0.801106	2.15199	14.1129
0.816814	2.13628	13.6335
0.832522	2.12058	13.2109
0.84823	2.10487	12.8338
0.863938	2.08916	12.4944
0.879646	2.07345	12.1866
0.895354	2.05774	11.9057
0.911062	2.04204	11.6482
0.92677	2.02633	11.411
0.942478	2.01062	11.1918
0.958186	1.99491	10.9886
0.973894	1.9792	10.7998
0.989602	1.9635	10.624
1.00531	1.94779	10.46
1.02102	1.93208	10.3068
1.03673	1.91637	10.1635
1.05243	1.90066	10.0294
1.06814	1.88496	9.90376
1.08385	1.86925	9.78609
1.09956	1.85354	9.67582
1.11527	1.83783	9.57251
1.13097	1.82212	9.47575
1.14668	1.80642	9.38517
1.16239	1.79071	9.30047
1.1781	1.775	9.22133
1.19381	1.75929	9.14752
1.20951	1.74358	9.07878
1.22522	1.72788	9.01492
1.24093	1.71217	8.95574
1.25664	1.69646	8.90108
1.27235	1.68075	8.85077
1.28805	1.66504	8.80469
1.30376	1.64934	8.7627
1.31947	1.63363	8.72471
1.33518	1.61792	8.69061
1.35088	1.60221	8.66032
1.36659	1.5865	8.63376
1.3823	1.5708	8.55823
1.39801	1.55509	8.59159
1.41372	1.53938	8.57588
1.42942	1.52367	8.56369
1.44513	1.50796	8.55501
1.46084	1.49226	8.54981
1.47655	1.47655	8.54808
1.49226	1.46084	8.54981
1.50796	1.44513	8.55501
1.52367	1.42942	8.56369
1.53938	1.41372	8.57588
1.55509	1.39801	8.59159
1.5708	1.3823	8.55823
1.5865	1.36659	8.63376
1.60221	1.35088	8.66032
1.61792	1.33518	8.69061
1.63363	1.31947	8.72471
1.64934	1.30376	8.7627
1.66504	1.28805	8.80469
1.68075	1.27235	8.85077
1.69646	1.25664	8.90108
1.71217	1.24093	8.95574
1.72788	1.22522	9.01492
1.74358	1.20951	9.07878
1.75929	1.19381	9.14752
1.775	1.1781	9.22133
1.79071	1.16239	9.30047
1.80642	1.14668	9.38517
1.82212	1.13097	9.47575
1.83783	1.11527	9.57251
1.85354	1.09956	9.67582
1.86925	1.08385	9.78609
1.88496	1.06814	9.90376
1.90066	1.05243	10.0294
1.91637	1.03673	10.1635
1.93208	1.02102	10.3068
1.94779	1.00531	10.46
1.9635	0.989602	10.624
1.9792	0.973894	10.7998
1.99491	0.958186	10.9886
2.01062	0.942478	11.1918
2.02633	0.92677	11.411
2.04204	0.9